SVRA,1.68,15:47:07
SVRA,1.68,15:47:07
SVRA,1.68,15:47:08
